0,386
0,546
0,545
0,544
0,543
0,542
0,541
0,540
0,539
0,538
0,537
0,536
0,472
10,282
10,20
10,30
10,104
10,86
10,158
10,96
10,2
10,3
9,7
9,2
9,3
8,16
8,10
8,13
8,9
8,11
146,3
146,2
146,1
146,0
145,5
145,4
145,3
145,2
145,1
145,0
131,5
131,4
131,3
131,2
131,1
131,0
115,5
115,4
115,3
115,2
115,1
115,0
96,3
96,2
96,1
96,0
92,5
92,4
92,3
92,2
92,1
92,0
91,4
91,3
91,2
91,1
91,0
90,4
90,3
90,2
90,1
90,0
45,3
45,2
45,1
20,3
20,2
20,1
19,3
19,2
19,1
12,3
12,2
12,1
11,30
11,29
11,28
11,27
11,26
11,25
11,24
11,23
11,22
11,21
11,20
11,19
11,18
11,17
11,16
11,15
11,14
11,13
11,12
11,11
11,10
11,9
11,8
11,5
11,3
11,2
11,1
10,288
10,240
18,1
18,3
10,224
14,1
10,180
14,3
